revision;file;nodeIdentifier1;nodeIdentifier2
/home/ramdisk/experiment4/projects/cucumber-jvm/revisions/rev_9c52824_64123b2/rev_9c52824-64123b2.revisions;/examples/java/src/test/java/simple/SuperSteps.java;protected String b4;protected String b4
/home/ramdisk/experiment4/projects/cucumber-jvm/revisions/rev_9c52824_64123b2/rev_9c52824-64123b2.revisions;/examples/java/src/test/java/simple/SuperSteps.java;@Before("@b4,@whatever")    public void setB4(Object scenario) ;@Before("@b4,@whatever")    public void setB4(Object scenario) 
/home/ramdisk/experiment4/projects/cucumber-jvm/revisions/rev_9c52824_64123b2/rev_9c52824-64123b2.revisions;/examples/java/src/test/java/simple/StuffSteps.java;private final Map<String,Integer> cukes ;private final Map<String,Integer> cukes 
/home/ramdisk/experiment4/projects/cucumber-jvm/revisions/rev_9c52824_64123b2/rev_9c52824-64123b2.revisions;/examples/java/src/test/java/simple/StuffSteps.java;@Pending("Let's procrastinate")    @Given("a pending step")    public void intentionallyPending() ;@Pending("Let's procrastinate")    @Given("a pending step")    public void intentionallyPending() 
/home/ramdisk/experiment4/projects/cucumber-jvm/revisions/rev_9c52824_64123b2/rev_9c52824-64123b2.revisions;/examples/java/src/test/java/simple/StuffSteps.java;@Given("a failing step that is preceded by a pending")    public void intentionallyFailing() ;@Given("a failing step that is preceded by a pending")    public void intentionallyFailing() 
/home/ramdisk/experiment4/projects/cucumber-jvm/revisions/rev_9c52824_64123b2/rev_9c52824-64123b2.revisions;/examples/java/src/test/java/simple/StuffSteps.java;@Given("I have (\\d+) (.*) cukes")    public void iHaveNCukes(int n, String color) ;@Given("I have (\\d+) (.*) cukes")    public void iHaveNCukes(int n, String color) 
/home/ramdisk/experiment4/projects/cucumber-jvm/revisions/rev_9c52824_64123b2/rev_9c52824-64123b2.revisions;/examples/java/src/test/java/simple/StuffSteps.java;@When("I add a table")    public void iAddATable(Table table) ;@When("I add a table")    public void iAddATable(Table table) 
/home/ramdisk/experiment4/projects/cucumber-jvm/revisions/rev_9c52824_64123b2/rev_9c52824-64123b2.revisions;/examples/java/src/test/java/simple/StuffSteps.java;@When("^I add a string$")     public void iAddAString(String s) ;@When("^I add a string$")     public void iAddAString(String s) 
/home/ramdisk/experiment4/projects/cucumber-jvm/revisions/rev_9c52824_64123b2/rev_9c52824-64123b2.revisions;/examples/java/src/test/java/simple/StuffSteps.java;@Then("I should have (\\d+) (.*) cukes")    public void iShouldHaveNCukes(int n, String color) ;@Then("I should have (\\d+) (.*) cukes")    public void iShouldHaveNCukes(int n, String color) 
/home/ramdisk/experiment4/projects/cucumber-jvm/revisions/rev_9c52824_64123b2/rev_9c52824-64123b2.revisions;/examples/java/src/test/java/simple/StuffSteps.java;public void thisIsNotAStep() ;public void thisIsNotAStep() 
/home/ramdisk/experiment4/projects/cucumber-jvm/revisions/rev_9c52824_64123b2/rev_9c52824-64123b2.revisions;/examples/java/src/test/java/simple/StuffSteps.java;private Map<String, String> hash(String...values) ;private Map<String, String> hash(String...values) 
/home/ramdisk/experiment4/projects/cucumber-jvm/revisions/rev_9c52824_64123b2/rev_9c52824-64123b2.revisions;/examples/java/src/test/java/simple/HookSteps.java;private String b4WithoutArgs;private String b4WithoutArgs
/home/ramdisk/experiment4/projects/cucumber-jvm/revisions/rev_9c52824_64123b2/rev_9c52824-64123b2.revisions;/examples/java/src/test/java/simple/HookSteps.java;private static String myStatic ;private static String myStatic 
/home/ramdisk/experiment4/projects/cucumber-jvm/revisions/rev_9c52824_64123b2/rev_9c52824-64123b2.revisions;/examples/java/src/test/java/simple/HookSteps.java;@Before    public void setB4WithoutArgs() ;@Before    public void setB4WithoutArgs() 
/home/ramdisk/experiment4/projects/cucumber-jvm/revisions/rev_9c52824_64123b2/rev_9c52824-64123b2.revisions;/examples/java/src/test/java/simple/HookSteps.java;@Then("^b4 should have the value \"([^\"]*)\"$")    public void thenB4(String b4Value) ;@Then("^b4 should have the value \"([^\"]*)\"$")    public void thenB4(String b4Value) 
/home/ramdisk/experiment4/projects/cucumber-jvm/revisions/rev_9c52824_64123b2/rev_9c52824-64123b2.revisions;/examples/java/src/test/java/simple/HookSteps.java;@When("^I set static value to \"([^\"]*)\"$")    public void setStatic(String newValue) ;@When("^I set static value to \"([^\"]*)\"$")    public void setStatic(String newValue) 
/home/ramdisk/experiment4/projects/cucumber-jvm/revisions/rev_9c52824_64123b2/rev_9c52824-64123b2.revisions;/examples/java/src/test/java/simple/HookSteps.java;@Then("^static value should be \"([^\"]*)\"$")    public void staticShouldBe(String expected) ;@Then("^static value should be \"([^\"]*)\"$")    public void staticShouldBe(String expected) 
/home/ramdisk/experiment4/projects/cucumber-jvm/revisions/rev_9c52824_64123b2/rev_9c52824-64123b2.revisions;/examples/java/src/test/java/simple/HookSteps.java;@After("")    public void setAfter(Object scenario) ;@After("")    public void setAfter(Object scenario) 
/home/ramdisk/experiment4/projects/cucumber-jvm/revisions/rev_b05c252_3e66e50/rev_b05c252-3e66e50.revisions;/cuke4duke/src/main/java/cuke4duke/internal/language/AbstractStepDefinition.java;public AbstractStepDefinition(AbstractProgrammingLanguage programmingLanguage) ;public AbstractStepDefinition(AbstractProgrammingLanguage programmingLanguage) 
/home/ramdisk/experiment4/projects/cucumber-jvm/revisions/rev_8e1d25d_886564f/rev_8e1d25d-886564f.revisions;/cuke4duke/src/main/java/cuke4duke/internal/JRuby.java;public static RubyArray newArray(Collection<?> collection) ;public static RubyArray newArray(Collection<?> collection) 
/home/ramdisk/experiment4/projects/cucumber-jvm/revisions/rev_1203598_ebda170/rev_1203598-ebda170.revisions;/cuke4duke/src/main/java/cuke4duke/internal/JRuby.java;public static RubyArray newArray(Collection<?> collection) ;public static RubyArray newArray(Collection<?> collection) 
/home/ramdisk/experiment4/projects/cucumber-jvm/revisions/rev_e314593_125bc72/rev_e314593-125bc72.revisions;/rhino/src/main/java/cucumber/runtime/rhino/RhinoStepDefinition.java;@Override    public TableArgumentProcessor getTableProcessor(int argIndex) ;@Override    public TableArgumentProcessor getTableProcessor(int argIndex) 
/home/ramdisk/experiment4/projects/cucumber-jvm/revisions/rev_e314593_125bc72/rev_e314593-125bc72.revisions;/java/src/main/java/cucumber/annotation/JavaBeanClass.java;@Retention(RetentionPolicy.RUNTIME)@Target(ElementType.PARAMETER)@TableProcessorInfo(processorClass=JavaBeanTableProcessor.class)public @interface JavaBeanClass ;@Retention(RetentionPolicy.RUNTIME)@Target(ElementType.PARAMETER)@TableProcessorInfo(processorClass=JavaBeanTableProcessor.class)public @interface JavaBeanClass 
/home/ramdisk/experiment4/projects/cucumber-jvm/revisions/rev_e314593_125bc72/rev_e314593-125bc72.revisions;/java/src/main/java/cucumber/annotation/JavaBeanClass.java;Class<?> value();Class<?> value()
/home/ramdisk/experiment4/projects/cucumber-jvm/revisions/rev_e314593_125bc72/rev_e314593-125bc72.revisions;/java/src/main/java/cucumber/runtime/java/JavaStepDefinition.java;@Override    public TableArgumentProcessor getTableProcessor(int argIndex) ;@Override    public TableArgumentProcessor getTableProcessor(int argIndex) 
/home/ramdisk/experiment4/projects/cucumber-jvm/revisions/rev_e314593_125bc72/rev_e314593-125bc72.revisions;/java/src/main/java/cucumber/runtime/java/JavaStepDefinition.java;private TableArgumentProcessor newTableArgumentProcessor(TableProcessorInfo tableProcessorInfo, Annotation extraInfo) ;private TableArgumentProcessor newTableArgumentProcessor(TableProcessorInfo tableProcessorInfo, Annotation extraInfo) 
/home/ramdisk/experiment4/projects/cucumber-jvm/revisions/rev_e314593_125bc72/rev_e314593-125bc72.revisions;/java/src/main/java/cucumber/runtime/java/JavaStepDefinition.java;private TableArgumentProcessor newTableArgumentProcessor(TableProcessorInfo tableProcessorInfo) ;private TableArgumentProcessor newTableArgumentProcessor(TableProcessorInfo tableProcessorInfo) 
/home/ramdisk/experiment4/projects/cucumber-jvm/revisions/rev_e314593_125bc72/rev_e314593-125bc72.revisions;/java/src/main/java/cucumber/runtime/java/JavaBeanTableProcessor.java;private final Class<?> beanClass;private final Class<?> beanClass
/home/ramdisk/experiment4/projects/cucumber-jvm/revisions/rev_e314593_125bc72/rev_e314593-125bc72.revisions;/java/src/main/java/cucumber/runtime/java/JavaBeanTableProcessor.java;public JavaBeanTableProcessor(Class<?> javaBeanClass) ;public JavaBeanTableProcessor(Class<?> javaBeanClass) 
/home/ramdisk/experiment4/projects/cucumber-jvm/revisions/rev_e314593_125bc72/rev_e314593-125bc72.revisions;/java/src/main/java/cucumber/runtime/java/JavaBeanTableProcessor.java;@Override    public Object process(Table table) ;@Override    public Object process(Table table) 
/home/ramdisk/experiment4/projects/cucumber-jvm/revisions/rev_e314593_125bc72/rev_e314593-125bc72.revisions;/java/src/main/java/cucumber/runtime/java/JavaBeanTableProcessor.java;public Class<?> getBeanClass() ;public Class<?> getBeanClass() 
/home/ramdisk/experiment4/projects/cucumber-jvm/revisions/rev_e314593_125bc72/rev_e314593-125bc72.revisions;/jruby/src/main/java/cucumber/runtime/jruby/JRubyStepDefinition.java;@Override    public TableArgumentProcessor getTableProcessor(int argIndex) ;@Override    public TableArgumentProcessor getTableProcessor(int argIndex) 
/home/ramdisk/experiment4/projects/cucumber-jvm/revisions/rev_e314593_125bc72/rev_e314593-125bc72.revisions;/java/src/test/java/cucumber/runtime/java/JavaBeanTableProcessorTest.java;@Test    public void shouldReturnAJavaBeanProcessorWithUser() throws Throwable ;@Test    public void shouldReturnAJavaBeanProcessorWithUser() throws Throwable 
/home/ramdisk/experiment4/projects/cucumber-jvm/revisions/rev_e314593_125bc72/rev_e314593-125bc72.revisions;/java/src/test/java/cucumber/runtime/java/JavaBeanTableProcessorTest.java;@Test    public void shouldExecuteWithAListOfUsers() throws Throwable ;@Test    public void shouldExecuteWithAListOfUsers() throws Throwable 
/home/ramdisk/experiment4/projects/cucumber-jvm/revisions/rev_e314593_125bc72/rev_e314593-125bc72.revisions;/java/src/test/java/cucumber/runtime/java/JavaBeanTableProcessorTest.java;private Method stepMethodWithList() throws SecurityException, NoSuchMethodException ;private Method stepMethodWithList() throws SecurityException, NoSuchMethodException 
/home/ramdisk/experiment4/projects/cucumber-jvm/revisions/rev_e314593_125bc72/rev_e314593-125bc72.revisions;/java/src/test/java/cucumber/runtime/java/JavaBeanTableProcessorTest.java;private List<Row> rowsList() ;private List<Row> rowsList() 
/home/ramdisk/experiment4/projects/cucumber-jvm/revisions/rev_e314593_125bc72/rev_e314593-125bc72.revisions;/java/src/test/java/cucumber/runtime/java/JavaBeanTableProcessorTest.java;private Date sidsBirthday() ;private Date sidsBirthday() 
/home/ramdisk/experiment4/projects/cucumber-jvm/revisions/rev_e314593_125bc72/rev_e314593-125bc72.revisions;/java/src/test/java/cucumber/runtime/java/JavaBeanTableProcessorTest.java;public void stepMethodWithList(@JavaBeanClass(User.class) List<User> users) ;public void stepMethodWithList(@JavaBeanClass(User.class) List<User> users) 
/home/ramdisk/experiment4/projects/cucumber-jvm/revisions/rev_e314593_125bc72/rev_e314593-125bc72.revisions;/core/src/main/java/cucumber/runtime/TableArgumentProcessor.java;Object process(Table table);Object process(Table table)
/home/ramdisk/experiment4/projects/cucumber-jvm/revisions/rev_e314593_125bc72/rev_e314593-125bc72.revisions;/clojure/src/main/java/cucumber/runtime/clojure/ClojureStepDefinition.java;@Override    public TableArgumentProcessor getTableProcessor(int argIndex) ;@Override    public TableArgumentProcessor getTableProcessor(int argIndex) 
/home/ramdisk/experiment4/projects/cucumber-jvm/revisions/rev_e314593_125bc72/rev_e314593-125bc72.revisions;/groovy/src/main/java/cucumber/runtime/groovy/GroovyStepDefinition.java;@Override    public TableArgumentProcessor getTableProcessor(int argIndex) ;@Override    public TableArgumentProcessor getTableProcessor(int argIndex) 
/home/ramdisk/experiment4/projects/cucumber-jvm/revisions/rev_e314593_125bc72/rev_e314593-125bc72.revisions;/core/src/main/java/cucumber/runtime/StepDefinition.java;TableArgumentProcessor getTableProcessor(int argIndex);TableArgumentProcessor getTableProcessor(int argIndex)
/home/ramdisk/experiment4/projects/cucumber-jvm/revisions/rev_e314593_125bc72/rev_e314593-125bc72.revisions;/java/src/main/java/cucumber/annotation/TableProcessorInfo.java;@Retention(RetentionPolicy.RUNTIME)@Target(;@Retention(RetentionPolicy.RUNTIME)@Target(
/home/ramdisk/experiment4/projects/cucumber-jvm/revisions/rev_e314593_125bc72/rev_e314593-125bc72.revisions;/java/src/main/java/cucumber/annotation/TableProcessorInfo.java;@Retention(RetentionPolicy.RUNTIME)@Target(;@Retention(RetentionPolicy.RUNTIME)@Target(
/home/ramdisk/experiment4/projects/cucumber-jvm/revisions/rev_e314593_125bc72/rev_e314593-125bc72.revisions;/java/src/main/java/cucumber/annotation/TableProcessorInfo.java;Class<? extends TableArgumentProcessor> processorClass();Class<? extends TableArgumentProcessor> processorClass()
/home/ramdisk/experiment4/projects/cucumber-jvm/revisions/rev_e314593_125bc72/rev_e314593-125bc72.revisions;/core/src/main/java/cucumber/runtime/StepDefinitionMatch.java;private Object processTable(Step step, Locale locale, int argIndex) ;private Object processTable(Step step, Locale locale, int argIndex) 
/home/ramdisk/experiment4/projects/cucumber-jvm/revisions/rev_e314593_125bc72/rev_e314593-125bc72.revisions;/ioke/src/main/java/cucumber/runtime/ioke/IokeStepDefinition.java;@Override    public TableArgumentProcessor getTableProcessor(int argIndex) ;@Override    public TableArgumentProcessor getTableProcessor(int argIndex) 
/home/ramdisk/experiment4/projects/cucumber-jvm/revisions/rev_6b11cde_59b5d96/rev_6b11cde-59b5d96.revisions;/core/src/main/java/cucumber/formatter/NullReporter.java;@Override    public void uri(String s) ;@Override    public void uri(String s) 
/home/ramdisk/experiment4/projects/cucumber-jvm/revisions/rev_6b11cde_59b5d96/rev_6b11cde-59b5d96.revisions;/core/src/main/java/cucumber/formatter/NullReporter.java;@Override    public void feature(Feature feature) ;@Override    public void feature(Feature feature) 
/home/ramdisk/experiment4/projects/cucumber-jvm/revisions/rev_6b11cde_59b5d96/rev_6b11cde-59b5d96.revisions;/core/src/main/java/cucumber/formatter/NullReporter.java;@Override    public void background(Background background) ;@Override    public void background(Background background) 
/home/ramdisk/experiment4/projects/cucumber-jvm/revisions/rev_6b11cde_59b5d96/rev_6b11cde-59b5d96.revisions;/core/src/main/java/cucumber/formatter/NullReporter.java;@Override    public void scenario(Scenario scenario) ;@Override    public void scenario(Scenario scenario) 
/home/ramdisk/experiment4/projects/cucumber-jvm/revisions/rev_6b11cde_59b5d96/rev_6b11cde-59b5d96.revisions;/core/src/main/java/cucumber/formatter/NullReporter.java;@Override    public void scenarioOutline(ScenarioOutline scenarioOutline) ;@Override    public void scenarioOutline(ScenarioOutline scenarioOutline) 
/home/ramdisk/experiment4/projects/cucumber-jvm/revisions/rev_6b11cde_59b5d96/rev_6b11cde-59b5d96.revisions;/core/src/main/java/cucumber/formatter/NullReporter.java;@Override    public void examples(Examples examples) ;@Override    public void examples(Examples examples) 
/home/ramdisk/experiment4/projects/cucumber-jvm/revisions/rev_6b11cde_59b5d96/rev_6b11cde-59b5d96.revisions;/core/src/main/java/cucumber/formatter/NullReporter.java;@Override    public void step(Step step) ;@Override    public void step(Step step) 
/home/ramdisk/experiment4/projects/cucumber-jvm/revisions/rev_6b11cde_59b5d96/rev_6b11cde-59b5d96.revisions;/core/src/main/java/cucumber/formatter/NullReporter.java;@Override    public void eof() ;@Override    public void eof() 
/home/ramdisk/experiment4/projects/cucumber-jvm/revisions/rev_6b11cde_59b5d96/rev_6b11cde-59b5d96.revisions;/core/src/main/java/cucumber/formatter/NullReporter.java;@Override    public void syntaxError(String s, String s1, List<String> strings, String s2, int i) ;@Override    public void syntaxError(String s, String s1, List<String> strings, String s2, int i) 
/home/ramdisk/experiment4/projects/cucumber-jvm/revisions/rev_6b11cde_59b5d96/rev_6b11cde-59b5d96.revisions;/core/src/main/java/cucumber/formatter/NullReporter.java;@Override    public void result(Result result) ;@Override    public void result(Result result) 
/home/ramdisk/experiment4/projects/cucumber-jvm/revisions/rev_6b11cde_59b5d96/rev_6b11cde-59b5d96.revisions;/core/src/main/java/cucumber/formatter/NullReporter.java;@Override    public void match(Match match) ;@Override    public void match(Match match) 
/home/ramdisk/experiment4/projects/cucumber-jvm/revisions/rev_6b11cde_59b5d96/rev_6b11cde-59b5d96.revisions;/core/src/main/java/cucumber/formatter/NullReporter.java;@Override    public void embedding(String s, byte[] bytes) ;@Override    public void embedding(String s, byte[] bytes) 
/home/ramdisk/experiment4/projects/cucumber-jvm/revisions/rev_044a692_e28a394/rev_044a692-e28a394.revisions;/core/src/main/java/cucumber/formatter/HTMLFormatter.java;private final String htmlReportDir ;private final String htmlReportDir 
/home/ramdisk/experiment4/projects/cucumber-jvm/revisions/rev_044a692_e28a394/rev_044a692-e28a394.revisions;/core/src/main/java/cucumber/formatter/HTMLFormatter.java;private BufferedWriter bufferedWriter;private BufferedWriter bufferedWriter
/home/ramdisk/experiment4/projects/cucumber-jvm/revisions/rev_044a692_e28a394/rev_044a692-e28a394.revisions;/core/src/main/java/cucumber/formatter/HTMLFormatter.java;private boolean firstFeature ;private boolean firstFeature 
/home/ramdisk/experiment4/projects/cucumber-jvm/revisions/rev_044a692_e28a394/rev_044a692-e28a394.revisions;/core/src/main/java/cucumber/formatter/HTMLFormatter.java;private static final String[] REPORT_ITEMS = new String[] ;private static final String[] REPORT_ITEMS = new String[] 
/home/ramdisk/experiment4/projects/cucumber-jvm/revisions/rev_044a692_e28a394/rev_044a692-e28a394.revisions;/core/src/main/java/cucumber/formatter/HTMLFormatter.java;private static final String CUCUMBER_HTMLREPORTERDIR ;private static final String CUCUMBER_HTMLREPORTERDIR 
/home/ramdisk/experiment4/projects/cucumber-jvm/revisions/rev_044a692_e28a394/rev_044a692-e28a394.revisions;/core/src/main/java/cucumber/formatter/HTMLFormatter.java;private void copyReportFiles() ;private void copyReportFiles() 
/home/ramdisk/experiment4/projects/cucumber-jvm/revisions/rev_044a692_e28a394/rev_044a692-e28a394.revisions;/core/src/main/java/cucumber/formatter/HTMLFormatter.java;private void copyResource(InputStream in, FileOutputStream out) ;private void copyResource(InputStream in, FileOutputStream out) 
/home/ramdisk/experiment4/projects/cucumber-jvm/revisions/rev_044a692_e28a394/rev_044a692-e28a394.revisions;/core/src/main/java/cucumber/formatter/HTMLFormatter.java;private String getHtmlReportDir() ;private String getHtmlReportDir() 
/home/ramdisk/experiment4/projects/cucumber-jvm/revisions/rev_044a692_e28a394/rev_044a692-e28a394.revisions;/core/src/main/java/cucumber/formatter/HTMLFormatter.java;private final String htmlReportDir ;private final String htmlReportDir 
/home/ramdisk/experiment4/projects/cucumber-jvm/revisions/rev_044a692_e28a394/rev_044a692-e28a394.revisions;/core/src/main/java/cucumber/formatter/HTMLFormatter.java;private BufferedWriter bufferedWriter;private BufferedWriter bufferedWriter
/home/ramdisk/experiment4/projects/cucumber-jvm/revisions/rev_044a692_e28a394/rev_044a692-e28a394.revisions;/core/src/main/java/cucumber/formatter/HTMLFormatter.java;private boolean firstFeature ;private boolean firstFeature 
/home/ramdisk/experiment4/projects/cucumber-jvm/revisions/rev_044a692_e28a394/rev_044a692-e28a394.revisions;/core/src/main/java/cucumber/formatter/HTMLFormatter.java;private static final String[] REPORT_ITEMS = new String[] ;private static final String[] REPORT_ITEMS = new String[] 
/home/ramdisk/experiment4/projects/cucumber-jvm/revisions/rev_044a692_e28a394/rev_044a692-e28a394.revisions;/core/src/main/java/cucumber/formatter/HTMLFormatter.java;private static final String CUCUMBER_HTMLREPORTERDIR ;private static final String CUCUMBER_HTMLREPORTERDIR 
/home/ramdisk/experiment4/projects/cucumber-jvm/revisions/rev_044a692_e28a394/rev_044a692-e28a394.revisions;/core/src/main/java/cucumber/formatter/HTMLFormatter.java;private void copyReportFiles() ;private void copyReportFiles() 
/home/ramdisk/experiment4/projects/cucumber-jvm/revisions/rev_044a692_e28a394/rev_044a692-e28a394.revisions;/core/src/main/java/cucumber/formatter/HTMLFormatter.java;private void copyResource(InputStream in, FileOutputStream out) ;private void copyResource(InputStream in, FileOutputStream out) 
/home/ramdisk/experiment4/projects/cucumber-jvm/revisions/rev_044a692_e28a394/rev_044a692-e28a394.revisions;/core/src/main/java/cucumber/formatter/HTMLFormatter.java;private String getHtmlReportDir() ;private String getHtmlReportDir() 
/home/ramdisk/experiment4/projects/cucumber-jvm/revisions/rev_a90a684_618a766/rev_a90a684-618a766.revisions;/guice/src/test/java/cucumber/runtime/java/guice/PrivateConstructor.java;private PrivateConstructor() ;private PrivateConstructor() 
/home/ramdisk/experiment4/projects/cucumber-jvm/revisions/rev_a90a684_618a766/rev_a90a684-618a766.revisions;/guice/src/test/java/cucumber/runtime/java/guice/PrivateConstructor.java;@Override    protected void configure() ;@Override    protected void configure() 
/home/ramdisk/experiment4/projects/cucumber-jvm/revisions/rev_a90a684_618a766/rev_a90a684-618a766.revisions;/guice/src/test/java/cucumber/runtime/java/guice/loadguicemodule/YourModuleClass.java;@Override    protected void configure() ;@Override    protected void configure() 
/home/ramdisk/experiment4/projects/cucumber-jvm/revisions/rev_a90a684_618a766/rev_a90a684-618a766.revisions;/guice/src/test/java/cucumber/runtime/java/guice/ModuleInstantiator_Test.java;private final ModuleInstantiator instantiator ;private final ModuleInstantiator instantiator 
/home/ramdisk/experiment4/projects/cucumber-jvm/revisions/rev_a90a684_618a766/rev_a90a684-618a766.revisions;/guice/src/test/java/cucumber/runtime/java/guice/ModuleInstantiator_Test.java;@Test    public void instantiatesModuleByFullQualifiedName() throws Exception ;@Test    public void instantiatesModuleByFullQualifiedName() throws Exception 
/home/ramdisk/experiment4/projects/cucumber-jvm/revisions/rev_a90a684_618a766/rev_a90a684-618a766.revisions;/guice/src/test/java/cucumber/runtime/java/guice/ModuleInstantiator_Test.java;@Test(expected=GuiceModuleInstantiationFailed.class)    public void fails_to_instantiate_non_existant_class() throws Exception ;@Test(expected=GuiceModuleInstantiationFailed.class)    public void fails_to_instantiate_non_existant_class() throws Exception 
/home/ramdisk/experiment4/projects/cucumber-jvm/revisions/rev_a90a684_618a766/rev_a90a684-618a766.revisions;/guice/src/test/java/cucumber/runtime/java/guice/ModuleInstantiator_Test.java;@Test(expected=GuiceModuleInstantiationFailed.class)    public void fails_to_instantiate_class_not_implementing_module() throws Exception ;@Test(expected=GuiceModuleInstantiationFailed.class)    public void fails_to_instantiate_class_not_implementing_module() throws Exception 
/home/ramdisk/experiment4/projects/cucumber-jvm/revisions/rev_a90a684_618a766/rev_a90a684-618a766.revisions;/guice/src/test/java/cucumber/runtime/java/guice/ModuleInstantiator_Test.java;@Test(expected=GuiceModuleInstantiationFailed.class)    public void fails_to_instantiate_class_with_private_constructor() throws Exception ;@Test(expected=GuiceModuleInstantiationFailed.class)    public void fails_to_instantiate_class_with_private_constructor() throws Exception 
/home/ramdisk/experiment4/projects/cucumber-jvm/revisions/rev_a90a684_618a766/rev_a90a684-618a766.revisions;/guice/src/test/java/cucumber/runtime/java/guice/ModuleInstantiator_Test.java;private Module instantiate(Class<?> moduleClass) ;private Module instantiate(Class<?> moduleClass) 
/home/ramdisk/experiment4/projects/cucumber-jvm/revisions/rev_a90a684_618a766/rev_a90a684-618a766.revisions;/guice/src/test/java/cucumber/runtime/java/guice/GuiceFactoryTest.java;@Test    public void missing_guice_module_property_causes_mapping_to_be_null() throws Exception ;@Test    public void missing_guice_module_property_causes_mapping_to_be_null() throws Exception 
/home/ramdisk/experiment4/projects/cucumber-jvm/revisions/rev_a90a684_618a766/rev_a90a684-618a766.revisions;/guice/src/test/java/cucumber/runtime/java/guice/loadguicemodule/SecondSteps.java;private final SharedBetweenSteps shared;private final SharedBetweenSteps shared
/home/ramdisk/experiment4/projects/cucumber-jvm/revisions/rev_a90a684_618a766/rev_a90a684-618a766.revisions;/guice/src/test/java/cucumber/runtime/java/guice/loadguicemodule/SecondSteps.java;@Inject    public SecondSteps(SharedBetweenSteps shared) ;@Inject    public SecondSteps(SharedBetweenSteps shared) 
/home/ramdisk/experiment4/projects/cucumber-jvm/revisions/rev_a90a684_618a766/rev_a90a684-618a766.revisions;/guice/src/test/java/cucumber/runtime/java/guice/loadguicemodule/SecondSteps.java;@Then("^the instance passed to the second step class is still visited$")    public void the_instance_passed_to_the_second_step_class_is_still_visited() ;@Then("^the instance passed to the second step class is still visited$")    public void the_instance_passed_to_the_second_step_class_is_still_visited() 
/home/ramdisk/experiment4/projects/cucumber-jvm/revisions/rev_a90a684_618a766/rev_a90a684-618a766.revisions;/guice/src/test/java/cucumber/runtime/java/guice/loadguicemodule/FirstSteps.java;private final SharedBetweenSteps shared;private final SharedBetweenSteps shared
/home/ramdisk/experiment4/projects/cucumber-jvm/revisions/rev_a90a684_618a766/rev_a90a684-618a766.revisions;/guice/src/test/java/cucumber/runtime/java/guice/loadguicemodule/FirstSteps.java;@Inject    public FirstSteps(SharedBetweenSteps shared) ;@Inject    public FirstSteps(SharedBetweenSteps shared) 
/home/ramdisk/experiment4/projects/cucumber-jvm/revisions/rev_a90a684_618a766/rev_a90a684-618a766.revisions;/guice/src/test/java/cucumber/runtime/java/guice/loadguicemodule/FirstSteps.java;@And("^the class SharedBetweenSteps is bound to a single instance$")    public void the_class_SharedBetweenSteps_is_bound_to_a_single_instance() ;@And("^the class SharedBetweenSteps is bound to a single instance$")    public void the_class_SharedBetweenSteps_is_bound_to_a_single_instance() 
/home/ramdisk/experiment4/projects/cucumber-jvm/revisions/rev_a90a684_618a766/rev_a90a684-618a766.revisions;/guice/src/test/java/cucumber/runtime/java/guice/loadguicemodule/FirstSteps.java;@When("^the first step class visits the instance of SharedBetweenSteps$")    public void the_first_step_class_visits_the_instance_of_SharedBetweenSteps() ;@When("^the first step class visits the instance of SharedBetweenSteps$")    public void the_first_step_class_visits_the_instance_of_SharedBetweenSteps() 
/home/ramdisk/experiment4/projects/cucumber-jvm/revisions/rev_a90a684_618a766/rev_a90a684-618a766.revisions;/guice/src/main/java/cucumber/runtime/java/guice/GuiceModuleInstantiationFailed.java;public GuiceModuleInstantiationFailed(String message, Throwable cause) ;public GuiceModuleInstantiationFailed(String message, Throwable cause) 
/home/ramdisk/experiment4/projects/cucumber-jvm/revisions/rev_a90a684_618a766/rev_a90a684-618a766.revisions;/guice/src/test/java/cucumber/runtime/java/guice/loadguicemodule/SharedBetweenSteps.java;public boolean visited ;public boolean visited 
/home/ramdisk/experiment4/projects/cucumber-jvm/revisions/rev_a90a684_618a766/rev_a90a684-618a766.revisions;/guice/src/test/java/cucumber/runtime/java/guice/loadguicemodule/SharedBetweenSteps.java;public void visit() ;public void visit() 
/home/ramdisk/experiment4/projects/cucumber-jvm/revisions/rev_a90a684_618a766/rev_a90a684-618a766.revisions;/guice/src/main/java/cucumber/runtime/java/guice/GuiceFactory.java;public GuiceFactory() throws IOException ;public GuiceFactory() throws IOException 
/home/ramdisk/experiment4/projects/cucumber-jvm/revisions/rev_a90a684_618a766/rev_a90a684-618a766.revisions;/guice/src/main/java/cucumber/runtime/java/guice/GuiceFactory.java;GuiceFactory(Properties properties) throws IOException ;GuiceFactory(Properties properties) throws IOException 
/home/ramdisk/experiment4/projects/cucumber-jvm/revisions/rev_a90a684_618a766/rev_a90a684-618a766.revisions;/guice/src/main/java/cucumber/runtime/java/guice/GuiceFactory.java;private static Properties loadCucumberGuiceProperties() throws IOException ;private static Properties loadCucumberGuiceProperties() throws IOException 
/home/ramdisk/experiment4/projects/cucumber-jvm/revisions/rev_a90a684_618a766/rev_a90a684-618a766.revisions;/guice/src/main/java/cucumber/runtime/java/guice/ModuleInstantiator.java;public List<Module> instantiate(String moduleClassName) ;public List<Module> instantiate(String moduleClassName) 
/home/ramdisk/experiment4/projects/cucumber-jvm/revisions/rev_a90a684_618a766/rev_a90a684-618a766.revisions;/guice/src/main/java/cucumber/runtime/java/guice/LoadingPropertiesFileFailed.java;public LoadingPropertiesFileFailed(String message, Throwable cause) ;public LoadingPropertiesFileFailed(String message, Throwable cause) 
/home/ramdisk/experiment4/projects/cucumber-jvm/revisions/rev_a90a684_618a766/rev_a90a684-618a766.revisions;/core/src/main/java/cucumber/runtime/Runtime.java;private final boolean isDryRun;private final boolean isDryRun
/home/ramdisk/experiment4/projects/cucumber-jvm/revisions/rev_a90a684_618a766/rev_a90a684-618a766.revisions;/core/src/main/java/cucumber/runtime/Runtime.java;public Runtime(boolean isDryRun) ;public Runtime(boolean isDryRun) 
/home/ramdisk/experiment4/projects/cucumber-jvm/revisions/rev_a90a684_618a766/rev_a90a684-618a766.revisions;/core/src/main/java/cucumber/runtime/Runtime.java;public Runtime(List<String> gluePaths, boolean isDryRun) ;public Runtime(List<String> gluePaths, boolean isDryRun) 
/home/ramdisk/experiment4/projects/cucumber-jvm/revisions/rev_a90a684_618a766/rev_a90a684-618a766.revisions;/core/src/main/java/cucumber/runtime/Runtime.java;public Runtime(List<String> gluePaths, List<Backend> backends, boolean isDryRun) ;public Runtime(List<String> gluePaths, List<Backend> backends, boolean isDryRun) 
/home/ramdisk/experiment4/projects/cucumber-jvm/revisions/rev_a90a684_618a766/rev_a90a684-618a766.revisions;/core/src/main/java/cucumber/runtime/Runtime.java;public boolean isDryRun() ;public boolean isDryRun() 
/home/ramdisk/experiment4/projects/cucumber-jvm/revisions/rev_697c16f_df04a2b/rev_697c16f-df04a2b.revisions;/jruby/src/main/java/cucumber/runtime/jruby/JRubyBackend.java;public void addBeforeHook(RubyObject body) ;public void addBeforeHook(RubyObject body) 
/home/ramdisk/experiment4/projects/cucumber-jvm/revisions/rev_697c16f_df04a2b/rev_697c16f-df04a2b.revisions;/jruby/src/main/java/cucumber/runtime/jruby/JRubyBackend.java;public void addAfterHook(RubyObject body) ;public void addAfterHook(RubyObject body) 
/home/ramdisk/experiment4/projects/cucumber-jvm/revisions/rev_df04a2b_697c16f/rev_df04a2b-697c16f.revisions;/jruby/src/main/java/cucumber/runtime/jruby/JRubyBackend.java;public void addBeforeHook(RubyObject body) ;public void addBeforeHook(RubyObject body) 
/home/ramdisk/experiment4/projects/cucumber-jvm/revisions/rev_df04a2b_697c16f/rev_df04a2b-697c16f.revisions;/jruby/src/main/java/cucumber/runtime/jruby/JRubyBackend.java;public void addAfterHook(RubyObject body) ;public void addAfterHook(RubyObject body) 
/home/ramdisk/experiment4/projects/cucumber-jvm/revisions/rev_addf7a9_199dc05/rev_addf7a9-199dc05.revisions;/examples/java-calculator/src/test/java/cucumber/examples/java/calculator/date_calculator_Test.java;@RunWith(Cucumber.class)@Feature(value ;@RunWith(Cucumber.class)@Feature(value 
/home/ramdisk/experiment4/projects/cucumber-jvm/revisions/rev_b57da8b_8c8dc21/rev_b57da8b-8c8dc21.revisions;/jruby/src/main/java/cucumber/runtime/jruby/JRubyBackend.java;private final Set<String> gluedPaths ;private final Set<String> gluedPaths 
/home/ramdisk/experiment4/projects/cucumber-jvm/revisions/rev_7eaa16a_547331e/rev_7eaa16a-547331e.revisions;/core/src/main/java/cucumber/runtime/World.java;void buildBackendContextAndRunBeforeHooks(Reporter reporter, Set<String> tags);void buildBackendContextAndRunBeforeHooks(Reporter reporter, Set<String> tags)
/home/ramdisk/experiment4/projects/cucumber-jvm/revisions/rev_7eaa16a_547331e/rev_7eaa16a-547331e.revisions;/core/src/main/java/cucumber/runtime/World.java;void runAfterHooksAndDisposeBackendContext(Reporter reporter, Set<String> tags);void runAfterHooksAndDisposeBackendContext(Reporter reporter, Set<String> tags)
/home/ramdisk/experiment4/projects/cucumber-jvm/revisions/rev_7eaa16a_547331e/rev_7eaa16a-547331e.revisions;/core/src/main/java/cucumber/runtime/model/CucumberScenarioOutline.java;@Override    public void run(Formatter formatter, Reporter reporter, World world) ;@Override    public void run(Formatter formatter, Reporter reporter, World world) 
/home/ramdisk/experiment4/projects/cucumber-jvm/revisions/rev_7eaa16a_547331e/rev_7eaa16a-547331e.revisions;/java/src/test/java/cucumber/runtime/java/JavaStepDefinitionTest.java;private Set<String> asSet(String... items) ;private Set<String> asSet(String... items) 
/home/ramdisk/experiment4/projects/cucumber-jvm/revisions/rev_7eaa16a_547331e/rev_7eaa16a-547331e.revisions;/core/src/main/java/cucumber/runtime/RuntimeWorld.java;public RuntimeWorld(Runtime runtime) ;public RuntimeWorld(Runtime runtime) 
/home/ramdisk/experiment4/projects/cucumber-jvm/revisions/rev_7eaa16a_547331e/rev_7eaa16a-547331e.revisions;/core/src/main/java/cucumber/runtime/RuntimeWorld.java;@Override    public void buildBackendContextAndRunBeforeHooks(Reporter reporter, Set<String> tags) ;@Override    public void buildBackendContextAndRunBeforeHooks(Reporter reporter, Set<String> tags) 
/home/ramdisk/experiment4/projects/cucumber-jvm/revisions/rev_7eaa16a_547331e/rev_7eaa16a-547331e.revisions;/core/src/main/java/cucumber/runtime/RuntimeWorld.java;@Override    public void runAfterHooksAndDisposeBackendContext(Reporter reporter, Set<String> tags) ;@Override    public void runAfterHooksAndDisposeBackendContext(Reporter reporter, Set<String> tags) 
/home/ramdisk/experiment4/projects/cucumber-jvm/revisions/rev_7eaa16a_547331e/rev_7eaa16a-547331e.revisions;/core/src/main/java/cucumber/runtime/RuntimeWorld.java;private void runHooks(List<HookDefinition> hooks, Reporter reporter, Set<String> tags) ;private void runHooks(List<HookDefinition> hooks, Reporter reporter, Set<String> tags) 
/home/ramdisk/experiment4/projects/cucumber-jvm/revisions/rev_7eaa16a_547331e/rev_7eaa16a-547331e.revisions;/core/src/main/java/cucumber/runtime/RuntimeWorld.java;private void runHookIfTagsMatch(HookDefinition hook, Reporter reporter, Set<String> tags) ;private void runHookIfTagsMatch(HookDefinition hook, Reporter reporter, Set<String> tags) 
/home/ramdisk/experiment4/projects/cucumber-jvm/revisions/rev_7eaa16a_547331e/rev_7eaa16a-547331e.revisions;/core/src/main/java/cucumber/runtime/model/CucumberScenario.java;@Override    public void run(Formatter formatter, Reporter reporter, World world) ;@Override    public void run(Formatter formatter, Reporter reporter, World world) 
/home/ramdisk/experiment4/projects/cucumber-jvm/revisions/rev_7eaa16a_547331e/rev_7eaa16a-547331e.revisions;/core/src/main/java/cucumber/runtime/model/CucumberScenario.java;public void runBackground(Formatter formatter, Reporter reporter, World world) ;public void runBackground(Formatter formatter, Reporter reporter, World world) 
/home/ramdisk/experiment4/projects/cucumber-jvm/revisions/rev_7eaa16a_547331e/rev_7eaa16a-547331e.revisions;/java/src/test/java/cucumber/runtime/java/JavaBackendTest.java;@Override        public void buildBackendContextAndRunBeforeHooks(Reporter reporter, Set<String> tags) ;@Override        public void buildBackendContextAndRunBeforeHooks(Reporter reporter, Set<String> tags) 
/home/ramdisk/experiment4/projects/cucumber-jvm/revisions/rev_7eaa16a_547331e/rev_7eaa16a-547331e.revisions;/java/src/test/java/cucumber/runtime/java/JavaBackendTest.java;@Override        public void runAfterHooksAndDisposeBackendContext(Reporter reporter, Set<String> tags) ;@Override        public void runAfterHooksAndDisposeBackendContext(Reporter reporter, Set<String> tags) 
/home/ramdisk/experiment4/projects/cucumber-jvm/revisions/rev_7eaa16a_547331e/rev_7eaa16a-547331e.revisions;/core/src/main/java/cucumber/io/OneTimeResourceLoader.java;private Set<String> loadedResourcePaths ;private Set<String> loadedResourcePaths 
/home/ramdisk/experiment4/projects/cucumber-jvm/revisions/rev_7eaa16a_547331e/rev_7eaa16a-547331e.revisions;/core/src/main/java/cucumber/io/OneTimeResourceLoader.java;private ResourceLoader nestedLoader;private ResourceLoader nestedLoader
/home/ramdisk/experiment4/projects/cucumber-jvm/revisions/rev_7eaa16a_547331e/rev_7eaa16a-547331e.revisions;/core/src/main/java/cucumber/io/OneTimeResourceLoader.java;public OneTimeResourceLoader(ResourceLoader loader) ;public OneTimeResourceLoader(ResourceLoader loader) 
/home/ramdisk/experiment4/projects/cucumber-jvm/revisions/rev_7eaa16a_547331e/rev_7eaa16a-547331e.revisions;/core/src/main/java/cucumber/io/OneTimeResourceLoader.java;@Override    public Iterable<Resource> resources(String path, String suffix) ;@Override    public Iterable<Resource> resources(String path, String suffix) 
/home/ramdisk/experiment4/projects/cucumber-jvm/revisions/rev_7eaa16a_547331e/rev_7eaa16a-547331e.revisions;/core/src/main/java/cucumber/runtime/Runtime.java;private World world;private World world
/home/ramdisk/experiment4/projects/cucumber-jvm/revisions/rev_7eaa16a_547331e/rev_7eaa16a-547331e.revisions;/core/src/main/java/cucumber/runtime/Runtime.java;public World getWorld() ;public World getWorld() 
/home/ramdisk/experiment4/projects/cucumber-jvm/revisions/rev_7eaa16a_547331e/rev_7eaa16a-547331e.revisions;/core/src/main/java/cucumber/runtime/model/CucumberTagStatement.java;public abstract void run(Formatter formatter, Reporter reporter, World world);public abstract void run(Formatter formatter, Reporter reporter, World world)
/home/ramdisk/experiment4/projects/cucumber-jvm/revisions/rev_d623c28_2a400fe/rev_d623c28-2a400fe.revisions;/examples/java-helloworld/src/test/java/cucumber/examples/java/helloworld/RunCukesTest.java;@RunWith(Cucumber.class)@Cucumber.Options(format = ;@RunWith(Cucumber.class)@Cucumber.Options(format = 
/home/ramdisk/experiment4/projects/cucumber-jvm/revisions/rev_9531933_3f8f171/rev_9531933-3f8f171.revisions;/core/src/main/java/cucumber/formatter/JUnitFormatter.java;@Override    public void before(HookResult result) ;@Override    public void before(HookResult result) 
/home/ramdisk/experiment4/projects/cucumber-jvm/revisions/rev_9531933_3f8f171/rev_9531933-3f8f171.revisions;/core/src/main/java/cucumber/formatter/JUnitFormatter.java;@Override    public void after(HookResult result) ;@Override    public void after(HookResult result) 
/home/ramdisk/experiment4/projects/cucumber-jvm/revisions/rev_9531933_3f8f171/rev_9531933-3f8f171.revisions;/core/src/main/java/cucumber/formatter/JUnitFormatter.java;private void handleHook(HookResult result) ;private void handleHook(HookResult result) 
/home/ramdisk/experiment4/projects/cucumber-jvm/revisions/rev_9531933_3f8f171/rev_9531933-3f8f171.revisions;/core/src/main/java/cucumber/formatter/JUnitFormatter.java;@Override    public void syntaxError(String state, String event, List<String> legalEvents, String uri, Integer line) ;@Override    public void syntaxError(String state, String event, List<String> legalEvents, String uri, Integer line) 
/home/ramdisk/experiment4/projects/cucumber-jvm/revisions/rev_9531933_3f8f171/rev_9531933-3f8f171.revisions;/junit/src/main/java/cucumber/junit/JUnitReporter.java;@Override    public void before(HookResult result) ;@Override    public void before(HookResult result) 
/home/ramdisk/experiment4/projects/cucumber-jvm/revisions/rev_9531933_3f8f171/rev_9531933-3f8f171.revisions;/junit/src/main/java/cucumber/junit/JUnitReporter.java;@Override    public void after(HookResult result) ;@Override    public void after(HookResult result) 
/home/ramdisk/experiment4/projects/cucumber-jvm/revisions/rev_9531933_3f8f171/rev_9531933-3f8f171.revisions;/junit/src/main/java/cucumber/junit/JUnitReporter.java;private void handleHook(HookResult result) ;private void handleHook(HookResult result) 
/home/ramdisk/experiment4/projects/cucumber-jvm/revisions/rev_9531933_3f8f171/rev_9531933-3f8f171.revisions;/junit/src/main/java/cucumber/junit/JUnitReporter.java;@Override    public void syntaxError(String state, String event, List<String> legalEvents, String uri, Integer line) ;@Override    public void syntaxError(String state, String event, List<String> legalEvents, String uri, Integer line) 
/home/ramdisk/experiment4/projects/cucumber-jvm/revisions/rev_9531933_3f8f171/rev_9531933-3f8f171.revisions;/core/src/main/java/cucumber/formatter/NullFormatter.java;@Override    public void syntaxError(String state, String event, List<String> legalEvents, String uri, Integer line) ;@Override    public void syntaxError(String state, String event, List<String> legalEvents, String uri, Integer line) 
/home/ramdisk/experiment4/projects/cucumber-jvm/revisions/rev_9531933_3f8f171/rev_9531933-3f8f171.revisions;/core/src/main/java/cucumber/runtime/FeatureBuilder.java;@Override    public void syntaxError(String state, String event, List<String> legalEvents, String uri, Integer line) ;@Override    public void syntaxError(String state, String event, List<String> legalEvents, String uri, Integer line) 
/home/ramdisk/experiment4/projects/cucumber-jvm/revisions/rev_9531933_3f8f171/rev_9531933-3f8f171.revisions;/core/src/main/java/cucumber/formatter/UsageFormatter.java;@Override    public void syntaxError(String state, String event, List<String> legalEvents, String uri, Integer line) ;@Override    public void syntaxError(String state, String event, List<String> legalEvents, String uri, Integer line) 
/home/ramdisk/experiment4/projects/cucumber-jvm/revisions/rev_9531933_3f8f171/rev_9531933-3f8f171.revisions;/core/src/main/java/cucumber/formatter/UsageFormatter.java;@Override    public void before(HookResult result) ;@Override    public void before(HookResult result) 
/home/ramdisk/experiment4/projects/cucumber-jvm/revisions/rev_9531933_3f8f171/rev_9531933-3f8f171.revisions;/core/src/main/java/cucumber/formatter/UsageFormatter.java;@Override    public void after(HookResult result) ;@Override    public void after(HookResult result) 
/home/ramdisk/experiment4/projects/cucumber-jvm/revisions/rev_9531933_3f8f171/rev_9531933-3f8f171.revisions;/core/src/main/java/cucumber/formatter/UsageFormatter.java;private void addHookStats(HookResult result) ;private void addHookStats(HookResult result) 
/home/ramdisk/experiment4/projects/cucumber-jvm/revisions/rev_9531933_3f8f171/rev_9531933-3f8f171.revisions;/core/src/test/java/cucumber/formatter/TestFormatter.java;@Override    public void syntaxError(String state, String event, List<String> legalEvents, String uri, Integer line) ;@Override    public void syntaxError(String state, String event, List<String> legalEvents, String uri, Integer line) 
/home/ramdisk/experiment4/projects/cucumber-jvm/revisions/rev_9531933_3f8f171/rev_9531933-3f8f171.revisions;/core/src/main/java/cucumber/formatter/ProgressFormatter.java;@Override    public void syntaxError(String state, String event, List<String> legalEvents, String uri, Integer line) ;@Override    public void syntaxError(String state, String event, List<String> legalEvents, String uri, Integer line) 
/home/ramdisk/experiment4/projects/cucumber-jvm/revisions/rev_9531933_3f8f171/rev_9531933-3f8f171.revisions;/core/src/main/java/cucumber/formatter/ProgressFormatter.java;@Override    public void before(HookResult result) ;@Override    public void before(HookResult result) 
/home/ramdisk/experiment4/projects/cucumber-jvm/revisions/rev_9531933_3f8f171/rev_9531933-3f8f171.revisions;/core/src/main/java/cucumber/formatter/ProgressFormatter.java;@Override    public void after(HookResult result) ;@Override    public void after(HookResult result) 
/home/ramdisk/experiment4/projects/cucumber-jvm/revisions/rev_9531933_3f8f171/rev_9531933-3f8f171.revisions;/core/src/main/java/cucumber/formatter/ProgressFormatter.java;private void handleHook(HookResult result, boolean before) ;private void handleHook(HookResult result, boolean before) 
/home/ramdisk/experiment4/projects/cucumber-jvm/revisions/rev_9531933_3f8f171/rev_9531933-3f8f171.revisions;/core/src/main/java/cucumber/formatter/HTMLFormatter.java;@Override    public void syntaxError(String state, String event, List<String> legalEvents, String uri, Integer line) ;@Override    public void syntaxError(String state, String event, List<String> legalEvents, String uri, Integer line) 
/home/ramdisk/experiment4/projects/cucumber-jvm/revisions/rev_9531933_3f8f171/rev_9531933-3f8f171.revisions;/core/src/main/java/cucumber/formatter/HTMLFormatter.java;@Override    public void before(HookResult result) ;@Override    public void before(HookResult result) 
/home/ramdisk/experiment4/projects/cucumber-jvm/revisions/rev_9531933_3f8f171/rev_9531933-3f8f171.revisions;/core/src/main/java/cucumber/formatter/HTMLFormatter.java;@Override    public void after(HookResult result) ;@Override    public void after(HookResult result) 
/home/ramdisk/experiment4/projects/cucumber-jvm/revisions/rev_9531933_3f8f171/rev_9531933-3f8f171.revisions;/core/src/main/java/cucumber/runtime/Runtime.java;private void runHooks(List<HookDefinition> hooks, Reporter reporter, Set<Tag> tags, boolean isBefore) ;private void runHooks(List<HookDefinition> hooks, Reporter reporter, Set<Tag> tags, boolean isBefore) 
/home/ramdisk/experiment4/projects/cucumber-jvm/revisions/rev_9531933_3f8f171/rev_9531933-3f8f171.revisions;/core/src/main/java/cucumber/runtime/Runtime.java;private void runHookIfTagsMatch(HookDefinition hook, Reporter reporter, Set<Tag> tags, boolean isBefore) ;private void runHookIfTagsMatch(HookDefinition hook, Reporter reporter, Set<Tag> tags, boolean isBefore) 
/home/ramdisk/experiment4/projects/cucumber-jvm/revisions/rev_2c84c2b_73efd68/rev_2c84c2b-73efd68.revisions;/core/src/main/java/cucumber/formatter/JUnitFormatter.java;@Override    public void syntaxError(String state, String event, List<String> legalEvents, String uri, Integer line) ;@Override    public void syntaxError(String state, String event, List<String> legalEvents, String uri, Integer line) 
/home/ramdisk/experiment4/projects/cucumber-jvm/revisions/rev_2c84c2b_73efd68/rev_2c84c2b-73efd68.revisions;/junit/src/main/java/cucumber/junit/JUnitReporter.java;@Override    public void syntaxError(String state, String event, List<String> legalEvents, String uri, Integer line) ;@Override    public void syntaxError(String state, String event, List<String> legalEvents, String uri, Integer line) 
/home/ramdisk/experiment4/projects/cucumber-jvm/revisions/rev_2c84c2b_73efd68/rev_2c84c2b-73efd68.revisions;/core/src/main/java/cucumber/formatter/NullFormatter.java;@Override    public void syntaxError(String state, String event, List<String> legalEvents, String uri, Integer line) ;@Override    public void syntaxError(String state, String event, List<String> legalEvents, String uri, Integer line) 
/home/ramdisk/experiment4/projects/cucumber-jvm/revisions/rev_2c84c2b_73efd68/rev_2c84c2b-73efd68.revisions;/core/src/main/java/cucumber/runtime/FeatureBuilder.java;@Override    public void syntaxError(String state, String event, List<String> legalEvents, String uri, Integer line) ;@Override    public void syntaxError(String state, String event, List<String> legalEvents, String uri, Integer line) 
/home/ramdisk/experiment4/projects/cucumber-jvm/revisions/rev_2c84c2b_73efd68/rev_2c84c2b-73efd68.revisions;/core/src/main/java/cucumber/formatter/UsageFormatter.java;@Override    public void syntaxError(String state, String event, List<String> legalEvents, String uri, Integer line) ;@Override    public void syntaxError(String state, String event, List<String> legalEvents, String uri, Integer line) 
/home/ramdisk/experiment4/projects/cucumber-jvm/revisions/rev_2c84c2b_73efd68/rev_2c84c2b-73efd68.revisions;/core/src/main/java/cucumber/formatter/ProgressFormatter.java;@Override    public void syntaxError(String state, String event, List<String> legalEvents, String uri, Integer line) ;@Override    public void syntaxError(String state, String event, List<String> legalEvents, String uri, Integer line) 
/home/ramdisk/experiment4/projects/cucumber-jvm/revisions/rev_2c84c2b_73efd68/rev_2c84c2b-73efd68.revisions;/core/src/main/java/cucumber/formatter/HTMLFormatter.java;@Override    public void syntaxError(String state, String event, List<String> legalEvents, String uri, Integer line) ;@Override    public void syntaxError(String state, String event, List<String> legalEvents, String uri, Integer line) 
/home/ramdisk/experiment4/projects/cucumber-jvm/revisions/rev_d55b7c6_20cdb63/rev_d55b7c6-20cdb63.revisions;/core/src/test/java/cucumber/runtime/ParameterTypeTest.java;private static final Locale LOCALE ;private static final Locale LOCALE 
/home/ramdisk/experiment4/projects/cucumber-jvm/revisions/rev_d55b7c6_20cdb63/rev_d55b7c6-20cdb63.revisions;/core/src/test/java/cucumber/runtime/ParameterTypeTest.java;private static final LocalizedXStreams.LocalizedXStream X ;private static final LocalizedXStreams.LocalizedXStream X 
/home/ramdisk/experiment4/projects/cucumber-jvm/revisions/rev_d55b7c6_20cdb63/rev_d55b7c6-20cdb63.revisions;/core/src/test/java/cucumber/runtime/ParameterTypeTest.java;public void withInt(int i) ;public void withInt(int i) 
/home/ramdisk/experiment4/projects/cucumber-jvm/revisions/rev_d55b7c6_20cdb63/rev_d55b7c6-20cdb63.revisions;/core/src/test/java/cucumber/runtime/ParameterTypeTest.java;@Test    public void converts_with_built_in_converter() throws NoSuchMethodException ;@Test    public void converts_with_built_in_converter() throws NoSuchMethodException 
/home/ramdisk/experiment4/projects/cucumber-jvm/revisions/rev_d55b7c6_20cdb63/rev_d55b7c6-20cdb63.revisions;/core/src/test/java/cucumber/runtime/ParameterTypeTest.java;public void withCustomTransform(@Transform(UppercasedTransformer.class) Uppercased uppercased) ;public void withCustomTransform(@Transform(UppercasedTransformer.class) Uppercased uppercased) 
/home/ramdisk/experiment4/projects/cucumber-jvm/revisions/rev_d55b7c6_20cdb63/rev_d55b7c6-20cdb63.revisions;/core/src/test/java/cucumber/runtime/ParameterTypeTest.java;  public static class Uppercased ;  public static class Uppercased 
/home/ramdisk/experiment4/projects/cucumber-jvm/revisions/rev_d55b7c6_20cdb63/rev_d55b7c6-20cdb63.revisions;/core/src/test/java/cucumber/runtime/ParameterTypeTest.java;public String value;public String value
/home/ramdisk/experiment4/projects/cucumber-jvm/revisions/rev_d55b7c6_20cdb63/rev_d55b7c6-20cdb63.revisions;/core/src/test/java/cucumber/runtime/ParameterTypeTest.java;public Uppercased(String value) ;public Uppercased(String value) 
/home/ramdisk/experiment4/projects/cucumber-jvm/revisions/rev_d55b7c6_20cdb63/rev_d55b7c6-20cdb63.revisions;/core/src/test/java/cucumber/runtime/ParameterTypeTest.java;  public static class UppercasedTransformer extends Transformer<Uppercased> ;  public static class UppercasedTransformer extends Transformer<Uppercased> 
/home/ramdisk/experiment4/projects/cucumber-jvm/revisions/rev_d55b7c6_20cdb63/rev_d55b7c6-20cdb63.revisions;/core/src/test/java/cucumber/runtime/ParameterTypeTest.java;@Override        public Uppercased transform(String value) ;@Override        public Integer transform(String value) 
/home/ramdisk/experiment4/projects/cucumber-jvm/revisions/rev_d55b7c6_20cdb63/rev_d55b7c6-20cdb63.revisions;/core/src/test/java/cucumber/runtime/ParameterTypeTest.java;@Test    public void converts_with_custom_transform() throws NoSuchMethodException ;@Test    public void converts_with_custom_transform() throws NoSuchMethodException 
/home/ramdisk/experiment4/projects/cucumber-jvm/revisions/rev_d55b7c6_20cdb63/rev_d55b7c6-20cdb63.revisions;/core/src/test/java/cucumber/runtime/ParameterTypeTest.java;  public static class FortyTwoTransformer extends Transformer<Integer> ;  public static class FortyTwoTransformer extends Transformer<Integer> 
/home/ramdisk/experiment4/projects/cucumber-jvm/revisions/rev_d55b7c6_20cdb63/rev_d55b7c6-20cdb63.revisions;/core/src/test/java/cucumber/runtime/ParameterTypeTest.java;public void intWithCustomTransform(@Transform(FortyTwoTransformer.class) int n) ;public void intWithCustomTransform(@Transform(FortyTwoTransformer.class) int n) 
/home/ramdisk/experiment4/projects/cucumber-jvm/revisions/rev_d55b7c6_20cdb63/rev_d55b7c6-20cdb63.revisions;/core/src/test/java/cucumber/runtime/ParameterTypeTest.java;@Test    public void converts_int_with_custom_transform() throws NoSuchMethodException ;@Test    public void converts_int_with_custom_transform() throws NoSuchMethodException 
/home/ramdisk/experiment4/projects/cucumber-jvm/revisions/rev_d55b7c6_20cdb63/rev_d55b7c6-20cdb63.revisions;/core/src/main/java/cucumber/api/Transformer.java;private final Type type;private final Type type
/home/ramdisk/experiment4/projects/cucumber-jvm/revisions/rev_d55b7c6_20cdb63/rev_d55b7c6-20cdb63.revisions;/core/src/main/java/cucumber/api/Transformer.java;public Transformer() ;public Transformer() 
/home/ramdisk/experiment4/projects/cucumber-jvm/revisions/rev_d55b7c6_20cdb63/rev_d55b7c6-20cdb63.revisions;/core/src/main/java/cucumber/api/Transformer.java;@Override    public String toString(Object o) ;@Override    public String toString(Object o) 
/home/ramdisk/experiment4/projects/cucumber-jvm/revisions/rev_d55b7c6_20cdb63/rev_d55b7c6-20cdb63.revisions;/core/src/main/java/cucumber/api/Transformer.java;@Override    public Object fromString(String s) ;@Override    public Object fromString(String s) 
/home/ramdisk/experiment4/projects/cucumber-jvm/revisions/rev_d55b7c6_20cdb63/rev_d55b7c6-20cdb63.revisions;/core/src/main/java/cucumber/api/Transformer.java;@Override    public boolean canConvert(Class type) ;@Override    public boolean canConvert(Class type) 
/home/ramdisk/experiment4/projects/cucumber-jvm/revisions/rev_d55b7c6_20cdb63/rev_d55b7c6-20cdb63.revisions;/core/src/main/java/cucumber/api/Transformer.java;public abstract T transform(String value);public abstract T transform(String value)
/home/ramdisk/experiment4/projects/cucumber-jvm/revisions/rev_d55b7c6_20cdb63/rev_d55b7c6-20cdb63.revisions;/core/src/test/java/cucumber/table/FromDataTableTest.java;@Override        public Name transform(String value) ;@Override        public Name transform(String value) 
/home/ramdisk/experiment4/projects/cucumber-jvm/revisions/rev_d55b7c6_20cdb63/rev_d55b7c6-20cdb63.revisions;/core/src/main/java/cucumber/runtime/converters/ClassWithStringConstructorConverter.java;private Constructor ctor;private Constructor ctor
/home/ramdisk/experiment4/projects/cucumber-jvm/revisions/rev_d55b7c6_20cdb63/rev_d55b7c6-20cdb63.revisions;/core/src/main/java/cucumber/runtime/converters/ClassWithStringConstructorConverter.java;@Override    public String toString(Object obj) ;@Override    public String toString(Object obj) 
/home/ramdisk/experiment4/projects/cucumber-jvm/revisions/rev_d55b7c6_20cdb63/rev_d55b7c6-20cdb63.revisions;/core/src/main/java/cucumber/runtime/converters/ClassWithStringConstructorConverter.java;@Override    public Object fromString(String str) ;@Override    public Object fromString(String str) 
/home/ramdisk/experiment4/projects/cucumber-jvm/revisions/rev_d55b7c6_20cdb63/rev_d55b7c6-20cdb63.revisions;/core/src/main/java/cucumber/runtime/converters/ClassWithStringConstructorConverter.java;@Override    public boolean canConvert(Class type) ;@Override    public boolean canConvert(Class type) 
/home/ramdisk/experiment4/projects/cucumber-jvm/revisions/rev_d55b7c6_20cdb63/rev_d55b7c6-20cdb63.revisions;/core/src/main/java/cucumber/runtime/ParameterType.java;private final SingleValueConverter singleValueConverter;private final SingleValueConverter singleValueConverter
/home/ramdisk/experiment4/projects/cucumber-jvm/revisions/rev_d55b7c6_20cdb63/rev_d55b7c6-20cdb63.revisions;/core/src/main/java/cucumber/runtime/ParameterType.java;public ParameterType(Type type, String dateFormat, SingleValueConverter singleValueConverter) ;public ParameterType(Type type, String dateFormat, SingleValueConverter singleValueConverter) 
/home/ramdisk/experiment4/projects/cucumber-jvm/revisions/rev_d55b7c6_20cdb63/rev_d55b7c6-20cdb63.revisions;/core/src/main/java/cucumber/runtime/ParameterType.java;public Object convert(String value, LocalizedXStreams.LocalizedXStream xStream, Locale locale) ;public Object convert(String value, LocalizedXStreams.LocalizedXStream xStream, Locale locale) 
/home/ramdisk/experiment4/projects/cucumber-jvm/revisions/rev_d55b7c6_20cdb63/rev_d55b7c6-20cdb63.revisions;/examples/java-helloworld/src/test/java/cucumber/examples/java/helloworld/TimeStepdefs.java;@Given("^I did laundry (.*) ago$")    public void I_did_laundry_time_ago(HumanTime time) throws Throwable ;@Given("^I did laundry (.*) ago$")    public void I_did_laundry_time_ago(HumanTime time) throws Throwable 
/home/ramdisk/experiment4/projects/cucumber-jvm/revisions/rev_d55b7c6_20cdb63/rev_d55b7c6-20cdb63.revisions;/examples/java-helloworld/src/test/java/cucumber/examples/java/helloworld/TimeStepdefs.java;  @cucumber.runtime.xstream.annotations.XStreamConverter(HumanTimeConverter.class)  public static class HumanTime ;  @cucumber.runtime.xstream.annotations.XStreamConverter(HumanTimeConverter.class)  public static class HumanTime 
/home/ramdisk/experiment4/projects/cucumber-jvm/revisions/rev_d55b7c6_20cdb63/rev_d55b7c6-20cdb63.revisions;/examples/java-helloworld/src/test/java/cucumber/examples/java/helloworld/TimeStepdefs.java;  public static class HumanTimeConverter implements Converter ;  public static class HumanTimeConverter implements Converter 
/home/ramdisk/experiment4/projects/cucumber-jvm/revisions/rev_d55b7c6_20cdb63/rev_d55b7c6-20cdb63.revisions;/examples/java-helloworld/src/test/java/cucumber/examples/java/helloworld/TimeStepdefs.java;@Override        public boolean canConvert(Class aClass) ;@Override        public boolean canConvert(Class aClass) 
/home/ramdisk/experiment4/projects/cucumber-jvm/revisions/rev_d55b7c6_20cdb63/rev_d55b7c6-20cdb63.revisions;/examples/java-helloworld/src/test/java/cucumber/examples/java/helloworld/TimeStepdefs.java;@Override        public void marshal(Object o, HierarchicalStreamWriter hierarchicalStreamWriter, MarshallingContext marshallingContext) ;@Override        public void marshal(Object o, HierarchicalStreamWriter hierarchicalStreamWriter, MarshallingContext marshallingContext) 
/home/ramdisk/experiment4/projects/cucumber-jvm/revisions/rev_d55b7c6_20cdb63/rev_d55b7c6-20cdb63.revisions;/examples/java-helloworld/src/test/java/cucumber/examples/java/helloworld/TimeStepdefs.java;@Override        public Object unmarshal(HierarchicalStreamReader hierarchicalStreamReader, UnmarshallingContext unmarshallingContext) ;@Override        public Object unmarshal(HierarchicalStreamReader hierarchicalStreamReader, UnmarshallingContext unmarshallingContext) 
/home/ramdisk/experiment4/projects/cucumber-jvm/revisions/rev_d55b7c6_20cdb63/rev_d55b7c6-20cdb63.revisions;/core/src/main/java/cucumber/api/Transform.java;@java.lang.annotation.Retention(java.lang.annotation.RetentionPolicy.RUNTIME)@java.lang.annotation.Target(;@java.lang.annotation.Retention(java.lang.annotation.RetentionPolicy.RUNTIME)@java.lang.annotation.Target(
/home/ramdisk/experiment4/projects/cucumber-jvm/revisions/rev_d55b7c6_20cdb63/rev_d55b7c6-20cdb63.revisions;/core/src/main/java/cucumber/api/Transform.java;@java.lang.annotation.Retention(java.lang.annotation.RetentionPolicy.RUNTIME)@java.lang.annotation.Target(;@java.lang.annotation.Retention(java.lang.annotation.RetentionPolicy.RUNTIME)@java.lang.annotation.Target(
/home/ramdisk/experiment4/projects/cucumber-jvm/revisions/rev_d55b7c6_20cdb63/rev_d55b7c6-20cdb63.revisions;/core/src/main/java/cucumber/api/Transform.java;Class<? extends SingleValueConverter> value();Class<? extends SingleValueConverter> value()
/home/ramdisk/experiment4/projects/cucumber-jvm/revisions/rev_d55b7c6_20cdb63/rev_d55b7c6-20cdb63.revisions;/core/src/test/java/cucumber/runtime/converters/ConvertersTest.java;@Test    public void shouldTransformToTypeWithStringCtor() ;@Test    public void shouldTransformToTypeWithStringCtor() 
/home/ramdisk/experiment4/projects/cucumber-jvm/revisions/rev_d55b7c6_20cdb63/rev_d55b7c6-20cdb63.revisions;/core/src/test/java/cucumber/runtime/converters/ConvertersTest.java;  public static class MyClass ;  public static class MyClass 
/home/ramdisk/experiment4/projects/cucumber-jvm/revisions/rev_d55b7c6_20cdb63/rev_d55b7c6-20cdb63.revisions;/core/src/test/java/cucumber/runtime/converters/ConvertersTest.java;public final String s;public final String s
/home/ramdisk/experiment4/projects/cucumber-jvm/revisions/rev_d55b7c6_20cdb63/rev_d55b7c6-20cdb63.revisions;/core/src/test/java/cucumber/runtime/converters/ConvertersTest.java;public MyClass(String s) ;public MyClass(String s) 
/home/ramdisk/experiment4/projects/cucumber-jvm/revisions/rev_8848117_fd0cd8b/rev_8848117-fd0cd8b.revisions;/core/src/test/java/cucumber/runtime/table/TableDifferTest.java;private DataTable otherTableWithTwoConsecutiveRowsDeleted() ;private DataTable otherTableWithTwoConsecutiveRowsDeleted() 
/home/ramdisk/experiment4/projects/cucumber-jvm/revisions/rev_8848117_fd0cd8b/rev_8848117-fd0cd8b.revisions;/core/src/test/java/cucumber/runtime/table/TableDifferTest.java;private DataTable otherTableWithTwoConsecutiveRowsChanged() ;private DataTable otherTableWithTwoConsecutiveRowsChanged() 
/home/ramdisk/experiment4/projects/cucumber-jvm/revisions/rev_8848117_fd0cd8b/rev_8848117-fd0cd8b.revisions;/core/src/test/java/cucumber/runtime/table/TableDifferTest.java;private DataTable otherTableWithTwoConsecutiveRowsInserted() ;private DataTable otherTableWithTwoConsecutiveRowsInserted() 
/home/ramdisk/experiment4/projects/cucumber-jvm/revisions/rev_8848117_fd0cd8b/rev_8848117-fd0cd8b.revisions;/core/src/test/java/cucumber/runtime/table/TableDifferTest.java;@Test(expected = TableDiffException.class)    public void should_diff_when_consecutive_deleted_lines() ;@Test(expected = TableDiffException.class)    public void should_diff_when_consecutive_deleted_lines() 
/home/ramdisk/experiment4/projects/cucumber-jvm/revisions/rev_8848117_fd0cd8b/rev_8848117-fd0cd8b.revisions;/core/src/test/java/cucumber/runtime/table/TableDifferTest.java;@Test(expected = TableDiffException.class)    public void should_diff_when_consecutive_changed_lines() ;@Test(expected = TableDiffException.class)    public void should_diff_when_consecutive_changed_lines() 
/home/ramdisk/experiment4/projects/cucumber-jvm/revisions/rev_8848117_fd0cd8b/rev_8848117-fd0cd8b.revisions;/core/src/test/java/cucumber/runtime/table/TableDifferTest.java;@Test(expected = TableDiffException.class)    public void should_diff_when_consecutive_inserted_lines() ;@Test(expected = TableDiffException.class)    public void should_diff_when_consecutive_inserted_lines() 
/home/ramdisk/experiment4/projects/cucumber-jvm/revisions/rev_8848117_fd0cd8b/rev_8848117-fd0cd8b.revisions;/core/src/main/java/cucumber/runtime/table/TableDiffer.java;private void markChangedAndDeletedRowsInOriginalAsMissing(List<DataTableRow> diffTableRows, Delta delta) ;private void markChangedAndDeletedRowsInOriginalAsMissing(List<DataTableRow> diffTableRows, Delta delta) 
/home/ramdisk/experiment4/projects/cucumber-jvm/revisions/rev_8848117_fd0cd8b/rev_8848117-fd0cd8b.revisions;/core/src/main/java/cucumber/runtime/table/TableDiffer.java;private void markChangedAndInsertedRowsInRevisedAsNew(List<DataTableRow> diffTableRows, Delta delta) ;private void markChangedAndInsertedRowsInRevisedAsNew(List<DataTableRow> diffTableRows, Delta delta) 
/home/ramdisk/experiment4/projects/cucumber-jvm/revisions/rev_39e2432_6045294/rev_39e2432-6045294.revisions;/core/src/test/java/cucumber/runtime/formatter/StepMatcher.java;private final String nameToMatch;private final String nameToMatch
/home/ramdisk/experiment4/projects/cucumber-jvm/revisions/rev_39e2432_6045294/rev_39e2432-6045294.revisions;/core/src/test/java/cucumber/runtime/formatter/StepMatcher.java;public StepMatcher(String name) ;public StepMatcher(String name) 
/home/ramdisk/experiment4/projects/cucumber-jvm/revisions/rev_39e2432_6045294/rev_39e2432-6045294.revisions;/core/src/test/java/cucumber/runtime/formatter/StepMatcher.java;@Override    public boolean matches(Object argument) ;@Override    public boolean matches(Object argument) 
/home/ramdisk/experiment4/projects/cucumber-jvm/revisions/rev_442c4ed_4439178/rev_442c4ed-4439178.revisions;/core/src/main/java/cucumber/runtime/Runtime.java;public Runtime(ResourceLoader resourceLoader, ClassLoader classLoader, Collection<? extends Backend> backends,            RuntimeOptions runtimeOptions, RuntimeGlue optionalGlue) ;public Runtime(ResourceLoader resourceLoader, ClassLoader classLoader, Collection<? extends Backend> backends,            RuntimeOptions runtimeOptions, RuntimeGlue optionalGlue) 
/home/ramdisk/experiment4/projects/cucumber-jvm/revisions/rev_7f4f543_1cd5727/rev_7f4f543-1cd5727.revisions;/groovy/src/main/java/cucumber/runtime/groovy/GroovyBackend.java;private Collection<Closure> worldClosures ;private Collection<Closure> worldClosures 
/home/ramdisk/experiment4/projects/cucumber-jvm/revisions/rev_7f4f543_1cd5727/rev_7f4f543-1cd5727.revisions;/groovy/src/main/java/cucumber/runtime/groovy/GroovyBackend.java;GroovyWorld getGroovyWorld() ;GroovyWorld getGroovyWorld() 
/home/ramdisk/experiment4/projects/cucumber-jvm/revisions/rev_7f4f543_1cd5727/rev_7f4f543-1cd5727.revisions;/groovy/src/main/java/cucumber/runtime/groovy/GroovyWorld.java;private final List<GroovyObject> worlds;private final List<GroovyObject> worlds
/home/ramdisk/experiment4/projects/cucumber-jvm/revisions/rev_7f4f543_1cd5727/rev_7f4f543-1cd5727.revisions;/groovy/src/main/java/cucumber/runtime/groovy/GroovyWorld.java;public GroovyWorld() ;public GroovyWorld() 
/home/ramdisk/experiment4/projects/cucumber-jvm/revisions/rev_7f4f543_1cd5727/rev_7f4f543-1cd5727.revisions;/groovy/src/main/java/cucumber/runtime/groovy/GroovyWorld.java;public void registerWorld(Object world) ;public void registerWorld(Object world) 
/home/ramdisk/experiment4/projects/cucumber-jvm/revisions/rev_7f4f543_1cd5727/rev_7f4f543-1cd5727.revisions;/groovy/src/main/java/cucumber/runtime/groovy/GroovyWorld.java;public Object getProperty(String property) ;public Object getProperty(String property) 
/home/ramdisk/experiment4/projects/cucumber-jvm/revisions/rev_7f4f543_1cd5727/rev_7f4f543-1cd5727.revisions;/groovy/src/main/java/cucumber/runtime/groovy/GroovyWorld.java;public void setProperty(String property, Object newValue) ;public void setProperty(String property, Object newValue) 
/home/ramdisk/experiment4/projects/cucumber-jvm/revisions/rev_7f4f543_1cd5727/rev_7f4f543-1cd5727.revisions;/groovy/src/main/java/cucumber/runtime/groovy/GroovyWorld.java;public Object invokeMethod(String name, Object args) ;public Object invokeMethod(String name, Object args) 
/home/ramdisk/experiment4/projects/cucumber-jvm/revisions/rev_7f4f543_1cd5727/rev_7f4f543-1cd5727.revisions;/groovy/src/main/java/cucumber/runtime/groovy/GroovyWorld.java;int worldsCount() ;int worldsCount() 
/home/ramdisk/experiment4/projects/cucumber-jvm/revisions/rev_7f4f543_1cd5727/rev_7f4f543-1cd5727.revisions;/groovy/src/main/java/cucumber/runtime/groovy/GroovyWorld.java;private GroovyObject findWorldWithProperty(String property) ;private GroovyObject findWorldWithProperty(String property) 
/home/ramdisk/experiment4/projects/cucumber-jvm/revisions/rev_7f4f543_1cd5727/rev_7f4f543-1cd5727.revisions;/groovy/src/main/java/cucumber/runtime/groovy/GroovyWorld.java;private GroovyObject findWorldWithMethod(String methodName, Object arguments) ;private GroovyObject findWorldWithMethod(String methodName, Object arguments) 
/home/ramdisk/experiment4/projects/cucumber-jvm/revisions/rev_7f4f543_1cd5727/rev_7f4f543-1cd5727.revisions;/groovy/src/main/java/cucumber/runtime/groovy/GroovyWorld.java;private Object[] unwrapMethodArguments(Object arguments) ;private Object[] unwrapMethodArguments(Object arguments) 
/home/ramdisk/experiment4/projects/cucumber-jvm/revisions/rev_7f4f543_1cd5727/rev_7f4f543-1cd5727.revisions;/groovy/src/test/java/cucumber/runtime/groovy/GroovyWorldTest.java;GroovyWorld world;GroovyWorld world
/home/ramdisk/experiment4/projects/cucumber-jvm/revisions/rev_7f4f543_1cd5727/rev_7f4f543-1cd5727.revisions;/groovy/src/test/java/cucumber/runtime/groovy/GroovyWorldTest.java;@Before    public void setUp() ;@Before    public void setUp() 
/home/ramdisk/experiment4/projects/cucumber-jvm/revisions/rev_7f4f543_1cd5727/rev_7f4f543-1cd5727.revisions;/groovy/src/test/java/cucumber/runtime/groovy/GroovyWorldTest.java;@Test(expected = RuntimeException.class)    public void should_not_register_pure_java_object() ;@Test(expected = RuntimeException.class)    public void should_not_register_pure_java_object() 
/home/ramdisk/experiment4/projects/cucumber-jvm/revisions/rev_7f4f543_1cd5727/rev_7f4f543-1cd5727.revisions;/groovy/src/test/java/cucumber/runtime/groovy/GroovyWorldTest.java;@Test    public void should_support_more_then_one_World() ;@Test    public void should_support_more_then_one_World() 
/home/ramdisk/experiment4/projects/cucumber-jvm/revisions/rev_7f4f543_1cd5727/rev_7f4f543-1cd5727.revisions;/groovy/src/test/java/cucumber/runtime/groovy/GroovyWorldTest.java;@Test(expected = RuntimeException.class)    public void should_detect_double_property_definition() ;@Test(expected = RuntimeException.class)    public void should_detect_double_property_definition() 
/home/ramdisk/experiment4/projects/cucumber-jvm/revisions/rev_7f4f543_1cd5727/rev_7f4f543-1cd5727.revisions;/groovy/src/test/java/cucumber/runtime/groovy/GroovyWorldTest.java;@Test(expected = RuntimeException.class)    public void should_detect_double_method_definition() ;@Test(expected = RuntimeException.class)    public void should_detect_double_method_definition() 
/home/ramdisk/experiment4/projects/cucumber-jvm/revisions/rev_7f4f543_1cd5727/rev_7f4f543-1cd5727.revisions;/groovy/src/test/java/cucumber/runtime/groovy/GroovyBackendTest.java;@Test    public void should_build_world_by_calling_the_closure() ;@Test    public void should_build_world_by_calling_the_closure() 
/home/ramdisk/experiment4/projects/cucumber-jvm/revisions/rev_7f4f543_1cd5727/rev_7f4f543-1cd5727.revisions;/groovy/src/test/java/cucumber/runtime/groovy/GroovyBackendTest.java;@Test    public void should_build_world_object_even_if_closure_world_was_not_added() ;@Test    public void should_build_world_object_even_if_closure_world_was_not_added() 
/home/ramdisk/experiment4/projects/cucumber-jvm/revisions/rev_7f4f543_1cd5727/rev_7f4f543-1cd5727.revisions;/groovy/src/test/java/cucumber/runtime/groovy/GroovyBackendTest.java;@Test    public void should_clean_up_worlds_after_dispose() ;@Test    public void should_clean_up_worlds_after_dispose() 
/home/ramdisk/experiment4/projects/cucumber-jvm/revisions/rev_7f4f543_1cd5727/rev_7f4f543-1cd5727.revisions;/groovy/src/test/java/cucumber/runtime/groovy/GroovyBackendTest.java;@SuppressWarnings("UnusedDeclaration")    private AnotherCustomWorld worldClosureCall() ;@SuppressWarnings("UnusedDeclaration")    private AnotherCustomWorld worldClosureCall() 
